0x000004b5     0    5    8   11   14   17   20   23   26   29   32   35   38   41   44   47  .......... #&),/
0x000004c5    50   53   56   59   62   65   68   71   74    1    4    5    6    1    2    3  258;>ADGJ.......
0x000004d5    10   11   12   13   14    9   10   11   18   13   14   15   22   23   24   19  ................
0x000004e5    20   21    1   10   11    0   13   14    0    0    0    0   20   21    0   23  ................
0x000004f5    24    0    0    0    0    0    2    4    0    5    1 

@0x4b5
 0    1    2    3    4    5    6    7    8    9   10   11   12   13   14   15   16   17   18   19   20   21   22   23   24
---------------------------------------------------------------------------------------------------------------------------
 0    5    8   11   14   17   20   23   26   29   32   35   38   41   44   47   50   53   56   59   62   65   68   71   74

 1	5
 4	14
 5	17
 6	20
 1	5
 2	8
 3	11
10	32
11	35
12	38
13	41
14	44
 9	29
10	32
11	35
18	56
13	41
14	44
15	47
22	68
23	71
24	74
19	59
20	62
21	65
 1	5
10	32
11	35
 0	
13	41
14	44
 0
 0
 0
 0
20	62
21	65
 0
23	71
24	74
 0
 0
 0
 0
 0
 2	8
 4	14
 0
 5	17
 1	5

5, 32,62,35,65,14,41,71,44,74
01 0a 14 0b 15 04 0d 17 0e 18

unused 7,16,17

00   01   02   03   04   05   06   07   08   09   0a   0b   0c   0d   0e   0f   10   11   12   13   14   15   16   17   18
 0    1    2    3    4    5    6    7    8    9   10   11   12   13   14   15   16   17   18   19   20   21   22   23   24
---------------------------------------------------------------------------------------------------------------------------
 0    5    8   11   14   17   20   23   26   29   32   35   38   41   44   47   50   53   56   59   62   65   68   71   74



